MODEL: ZOO 
TYPE: 1 
N_ATTRIBUTES: 16 
N_EXAMPLES: 101 
N_CLASSES: 7 
DATASET:
0.000000 1.000000 1.000000 0.000000 1.000000 0.000000 0.000000 0.000000 1.000000 1.000000 0.000000 0.000000 0.250000 1.000000 0.000000 0.000000 2
0.000000 0.000000 1.000000 0.000000 0.000000 1.000000 1.000000 0.000000 0.000000 0.000000 0.000000 0.000000 0.750000 0.000000 0.000000 0.000000 7
1.000000 0.000000 0.000000 1.000000 0.000000 0.000000 1.000000 1.000000 1.000000 1.000000 0.000000 0.000000 0.500000 1.000000 0.000000 1.000000 1
0.000000 0.000000 1.000000 0.000000 0.000000 1.000000 1.000000 1.000000 1.000000 0.000000 1.000000 1.000000 0.000000 1.000000 0.000000 1.000000 4
0.000000 0.000000 1.000000 0.000000 0.000000 1.000000 1.000000 0.000000 0.000000 0.000000 0.000000 0.000000 0.750000 0.000000 0.000000 0.000000 7
0.000000 0.000000 0.000000 1.000000 0.000000 1.000000 1.000000 1.000000 1.000000 1.000000 0.000000 1.000000 0.000000 1.000000 0.000000 1.000000 1
1.000000 0.000000 0.000000 1.000000 0.000000 0.000000 0.000000 1.000000 1.000000 1.000000 0.000000 0.000000 0.250000 1.000000 0.000000 1.000000 1
0.000000 1.000000 1.000000 0.000000 0.000000 0.000000 1.000000 0.000000 1.000000 1.000000 0.000000 0.000000 0.250000 1.000000 0.000000 0.000000 2
1.000000 0.000000 0.000000 1.000000 0.000000 0.000000 0.000000 1.000000 1.000000 1.000000 0.000000 0.000000 0.500000 1.000000 0.000000 1.000000 1
0.000000 1.000000 1.000000 0.000000 1.000000 1.000000 1.000000 0.000000 1.000000 1.000000 0.000000 0.000000 0.250000 1.000000 0.000000 0.000000 2
0.000000 1.000000 1.000000 0.000000 1.000000 0.000000 1.000000 0.000000 1.000000 1.000000 0.000000 0.000000 0.250000 1.000000 0.000000 0.000000 2
1.000000 0.000000 0.000000 1.000000 0.000000 0.000000 1.000000 1.000000 1.000000 1.000000 0.000000 0.000000 0.500000 0.000000 0.000000 1.000000 1
1.000000 0.000000 1.000000 1.000000 0.000000 1.000000 1.000000 0.000000 1.000000 1.000000 0.000000 0.000000 0.500000 1.000000 0.000000 1.000000 1
0.000000 0.000000 0.000000 0.000000 0.000000 0.000000 1.000000 0.000000 0.000000 1.000000 1.000000 0.000000 1.000000 1.000000 0.000000 0.000000 7
1.000000 0.000000 0.000000 1.000000 0.000000 0.000000 1.000000 1.000000 1.000000 1.000000 0.000000 0.000000 0.500000 1.000000 0.000000 1.000000 1
0.000000 0.000000 1.000000 0.000000 0.000000 1.000000 1.000000 0.000000 0.000000 0.000000 0.000000 0.000000 0.500000 0.000000 0.000000 0.000000 7
0.000000 0.000000 1.000000 0.000000 0.000000 0.000000 1.000000 1.000000 1.000000 1.000000 1.000000 0.000000 0.000000 1.000000 0.000000 0.000000 3
1.000000 0.000000 0.000000 1.000000 0.000000 0.000000 0.000000 1.000000 1.000000 1.000000 0.000000 0.000000 0.500000 1.000000 1.000000 1.000000 1
1.000000 0.000000 0.000000 1.000000 1.000000 0.000000 0.000000 1.000000 1.000000 1.000000 0.000000 0.000000 0.250000 1.000000 0.000000 0.000000 1
1.000000 0.000000 0.000000 1.000000 0.000000 0.000000 0.000000 1.000000 1.000000 1.000000 0.000000 0.000000 0.500000 1.000000 0.000000 0.000000 1
1.000000 0.000000 0.000000 1.000000 0.000000 0.000000 0.000000 1.000000 1.000000 1.000000 0.000000 0.000000 0.500000 1.000000 1.000000 1.000000 1
1.000000 0.000000 0.000000 1.000000 0.000000 0.000000 1.000000 1.000000 1.000000 1.000000 0.000000 0.000000 0.500000 0.000000 0.000000 1.000000 1
1.000000 0.000000 0.000000 1.000000 0.000000 0.000000 0.000000 1.000000 1.000000 1.000000 0.000000 0.000000 0.500000 1.000000 1.000000 1.000000 1
1.000000 0.000000 0.000000 1.000000 0.000000 0.000000 1.000000 1.000000 1.000000 1.000000 0.000000 0.000000 0.500000 1.000000 0.000000 1.000000 1
1.000000 0.000000 0.000000 1.000000 0.000000 0.000000 1.000000 1.000000 1.000000 1.000000 0.000000 0.000000 0.500000 1.000000 0.000000 1.000000 1
1.000000 0.000000 0.000000 1.000000 0.000000 0.000000 1.000000 1.000000 1.000000 1.000000 0.000000 0.000000 0.500000 1.000000 0.000000 1.000000 1
0.000000 0.000000 1.000000 0.000000 0.000000 1.000000 0.000000 1.000000 1.000000 0.000000 0.000000 1.000000 0.000000 1.000000 0.000000 0.000000 4
1.000000 0.000000 1.000000 0.000000 1.000000 0.000000 0.000000 0.000000 0.000000 1.000000 0.000000 0.000000 0.750000 0.000000 0.000000 0.000000 6
1.000000 0.000000 0.000000 1.000000 1.000000 0.000000 0.000000 1.000000 1.000000 1.000000 0.000000 0.000000 0.250000 1.000000 0.000000 0.000000 1
0.000000 1.000000 1.000000 0.000000 1.000000 0.000000 0.000000 0.000000 1.000000 1.000000 0.000000 0.000000 0.250000 1.000000 0.000000 0.000000 2
0.000000 0.000000 1.000000 0.000000 0.000000 0.000000 0.000000 0.000000 1.000000 1.000000 0.000000 0.000000 0.500000 1.000000 0.000000 1.000000 3
0.000000 1.000000 1.000000 0.000000 1.000000 0.000000 0.000000 0.000000 1.000000 1.000000 0.000000 0.000000 0.250000 1.000000 1.000000 0.000000 2
0.000000 1.000000 1.000000 0.000000 0.000000 0.000000 1.000000 0.000000 1.000000 1.000000 0.000000 0.000000 0.250000 1.000000 0.000000 1.000000 2
1.000000 0.000000 0.000000 1.000000 0.000000 1.000000 1.000000 1.000000 1.000000 1.000000 0.000000 1.000000 0.000000 0.000000 0.000000 1.000000 1
1.000000 0.000000 0.000000 1.000000 0.000000 0.000000 1.000000 1.000000 1.000000 1.000000 0.000000 0.000000 0.250000 0.000000 1.000000 1.000000 1
0.000000 1.000000 1.000000 0.000000 1.000000 0.000000 0.000000 0.000000 1.000000 1.000000 0.000000 0.000000 0.250000 1.000000 0.000000 1.000000 2
1.000000 0.000000 0.000000 1.000000 0.000000 0.000000 1.000000 1.000000 1.000000 1.000000 0.000000 0.000000 0.500000 1.000000 0.000000 0.000000 1
0.000000 0.000000 1.000000 0.000000 0.000000 1.000000 1.000000 1.000000 1.000000 0.000000 0.000000 1.000000 0.000000 1.000000 0.000000 1.000000 4
1.000000 0.000000 1.000000 0.000000 1.000000 0.000000 0.000000 0.000000 0.000000 1.000000 1.000000 0.000000 0.750000 0.000000 0.000000 0.000000 6
0.000000 0.000000 1.000000 0.000000 0.000000 0.000000 0.000000 0.000000 0.000000 1.000000 0.000000 0.000000 0.750000 0.000000 0.000000 0.000000 6
0.000000 0.000000 1.000000 0.000000 0.000000 0.000000 1.000000 1.000000 1.000000 1.000000 0.000000 0.000000 0.000000 1.000000 0.000000 0.000000 3
1.000000 0.000000 0.000000 1.000000 0.000000 0.000000 0.000000 1.000000 1.000000 1.000000 0.000000 0.000000 0.500000 1.000000 0.000000 1.000000 1
1.000000 0.000000 0.000000 1.000000 0.000000 0.000000 0.000000 1.000000 1.000000 1.000000 0.000000 0.000000 0.500000 1.000000 0.000000 1.000000 1
1.000000 0.000000 0.000000 1.000000 0.000000 0.000000 0.000000 1.000000 1.000000 1.000000 0.000000 0.000000 0.250000 1.000000 0.000000 0.000000 1
0.000000 1.000000 1.000000 0.000000 1.000000 0.000000 0.000000 0.000000 1.000000 1.000000 0.000000 0.000000 0.250000 1.000000 1.000000 0.000000 2
1.000000 0.000000 0.000000 1.000000 0.000000 0.000000 0.000000 1.000000 1.000000 1.000000 0.000000 0.000000 0.500000 1.000000 1.000000 1.000000 1
0.000000 0.000000 1.000000 0.000000 0.000000 1.000000 1.000000 1.000000 1.000000 0.000000 0.000000 1.000000 0.000000 1.000000 0.000000 0.000000 4
0.000000 0.000000 1.000000 0.000000 0.000000 0.000000 0.000000 0.000000 0.000000 1.000000 0.000000 0.000000 0.000000 0.000000 0.000000 0.000000 7
0.000000 1.000000 1.000000 0.000000 1.000000 0.000000 0.000000 0.000000 1.000000 1.000000 0.000000 0.000000 0.250000 1.000000 1.000000 0.000000 2
0.000000 0.000000 1.000000 0.000000 0.000000 0.000000 0.000000 0.000000 0.000000 1.000000 0.000000 0.000000 0.750000 0.000000 0.000000 0.000000 6
1.000000 0.000000 1.000000 0.000000 1.000000 0.000000 0.000000 0.000000 0.000000 1.000000 0.000000 0.000000 0.750000 0.000000 0.000000 0.000000 6
0.000000 0.000000 1.000000 0.000000 0.000000 1.000000 1.000000 1.000000 1.000000 0.000000 0.000000 1.000000 0.000000 1.000000 0.000000 0.000000 4
0.000000 0.000000 0.000000 1.000000 0.000000 1.000000 1.000000 1.000000 1.000000 1.000000 0.000000 1.000000 0.000000 1.000000 0.000000 1.000000 1
0.000000 0.000000 1.000000 0.000000 0.000000 1.000000 1.000000 1.000000 1.000000 0.000000 0.000000 1.000000 0.000000 1.000000 0.000000 1.000000 4
1.000000 0.000000 0.000000 1.000000 0.000000 0.000000 0.000000 1.000000 1.000000 1.000000 0.000000 0.000000 0.500000 1.000000 0.000000 1.000000 1
0.000000 0.000000 1.000000 0.000000 0.000000 1.000000 0.000000 1.000000 1.000000 0.000000 0.000000 1.000000 0.000000 1.000000 1.000000 0.000000 4
0.000000 0.000000 0.000000 0.000000 0.000000 1.000000 1.000000 1.000000 1.000000 0.000000 1.000000 0.000000 0.000000 1.000000 0.000000 0.000000 3
0.000000 1.000000 1.000000 0.000000 1.000000 1.000000 0.000000 0.000000 1.000000 1.000000 0.000000 0.000000 0.250000 1.000000 0.000000 1.000000 2
0.000000 0.000000 1.000000 0.000000 0.000000 1.000000 1.000000 0.000000 0.000000 0.000000 0.000000 0.000000 0.625000 0.000000 0.000000 0.000000 7
0.000000 1.000000 1.000000 0.000000 0.000000 0.000000 0.000000 0.000000 1.000000 1.000000 0.000000 0.000000 0.250000 1.000000 0.000000 1.000000 2
0.000000 0.000000 1.000000 0.000000 0.000000 1.000000 1.000000 1.000000 1.000000 0.000000 0.000000 1.000000 0.000000 1.000000 0.000000 1.000000 4
0.000000 1.000000 1.000000 0.000000 1.000000 0.000000 1.000000 0.000000 1.000000 1.000000 0.000000 0.000000 0.250000 1.000000 0.000000 1.000000 2
1.000000 0.000000 0.000000 1.000000 0.000000 1.000000 1.000000 1.000000 1.000000 1.000000 0.000000 0.000000 0.500000 1.000000 0.000000 1.000000 1
0.000000 0.000000 1.000000 0.000000 0.000000 1.000000 1.000000 1.000000 1.000000 0.000000 0.000000 1.000000 0.000000 1.000000 0.000000 0.000000 4
0.000000 0.000000 1.000000 0.000000 1.000000 0.000000 0.000000 0.000000 0.000000 1.000000 0.000000 0.000000 0.750000 0.000000 0.000000 0.000000 6
0.000000 1.000000 1.000000 0.000000 1.000000 0.000000 1.000000 0.000000 1.000000 1.000000 0.000000 0.000000 0.250000 1.000000 0.000000 0.000000 2
0.000000 0.000000 1.000000 0.000000 0.000000 1.000000 1.000000 0.000000 0.000000 0.000000 0.000000 0.000000 1.000000 0.000000 0.000000 1.000000 7
0.000000 0.000000 1.000000 0.000000 0.000000 1.000000 1.000000 1.000000 1.000000 1.000000 1.000000 0.000000 0.500000 0.000000 0.000000 0.000000 5
1.000000 0.000000 0.000000 1.000000 0.000000 0.000000 1.000000 1.000000 1.000000 1.000000 0.000000 0.000000 0.500000 1.000000 0.000000 1.000000 1
0.000000 0.000000 1.000000 0.000000 1.000000 0.000000 1.000000 0.000000 0.000000 1.000000 0.000000 0.000000 0.750000 0.000000 0.000000 0.000000 6
1.000000 0.000000 0.000000 1.000000 0.000000 0.000000 0.000000 1.000000 1.000000 1.000000 0.000000 0.000000 0.500000 1.000000 0.000000 1.000000 1
0.000000 0.000000 1.000000 0.000000 0.000000 1.000000 1.000000 1.000000 1.000000 1.000000 0.000000 0.000000 0.500000 0.000000 0.000000 0.000000 5
1.000000 0.000000 0.000000 1.000000 0.000000 0.000000 0.000000 1.000000 1.000000 1.000000 0.000000 0.000000 0.250000 0.000000 0.000000 1.000000 1
0.000000 1.000000 1.000000 0.000000 1.000000 0.000000 0.000000 0.000000 1.000000 1.000000 0.000000 0.000000 0.250000 1.000000 0.000000 0.000000 2
1.000000 0.000000 0.000000 1.000000 0.000000 0.000000 0.000000 1.000000 1.000000 1.000000 0.000000 0.000000 0.500000 1.000000 0.000000 0.000000 1
0.000000 0.000000 1.000000 0.000000 0.000000 1.000000 0.000000 1.000000 1.000000 0.000000 0.000000 1.000000 0.000000 1.000000 0.000000 0.000000 4
1.000000 0.000000 0.000000 1.000000 0.000000 0.000000 0.000000 1.000000 1.000000 1.000000 0.000000 0.000000 0.500000 1.000000 1.000000 0.000000 1
0.000000 0.000000 1.000000 0.000000 0.000000 1.000000 0.000000 1.000000 1.000000 1.000000 0.000000 0.000000 0.500000 0.000000 0.000000 0.000000 5
0.000000 0.000000 1.000000 0.000000 0.000000 1.000000 0.000000 1.000000 1.000000 0.000000 0.000000 1.000000 0.000000 1.000000 0.000000 0.000000 4
1.000000 0.000000 0.000000 1.000000 0.000000 0.000000 1.000000 1.000000 1.000000 1.000000 0.000000 0.000000 0.500000 1.000000 1.000000 1.000000 1
0.000000 0.000000 1.000000 0.000000 0.000000 0.000000 1.000000 0.000000 0.000000 0.000000 0.000000 0.000000 0.000000 0.000000 0.000000 0.000000 7
0.000000 1.000000 1.000000 0.000000 1.000000 1.000000 1.000000 0.000000 1.000000 1.000000 0.000000 0.000000 0.250000 1.000000 0.000000 0.000000 2
1.000000 0.000000 0.000000 1.000000 0.000000 0.000000 0.000000 1.000000 1.000000 1.000000 0.000000 0.000000 0.500000 0.000000 1.000000 0.000000 1
0.000000 0.000000 1.000000 0.000000 0.000000 1.000000 1.000000 0.000000 0.000000 0.000000 1.000000 0.000000 0.000000 0.000000 0.000000 0.000000 7
0.000000 0.000000 1.000000 0.000000 0.000000 0.000000 1.000000 1.000000 1.000000 1.000000 0.000000 0.000000 0.500000 1.000000 0.000000 0.000000 3
0.000000 1.000000 1.000000 0.000000 1.000000 1.000000 1.000000 0.000000 1.000000 1.000000 0.000000 0.000000 0.250000 1.000000 0.000000 0.000000 2
1.000000 0.000000 0.000000 1.000000 0.000000 0.000000 1.000000 1.000000 1.000000 1.000000 0.000000 0.000000 0.500000 1.000000 0.000000 1.000000 1
0.000000 0.000000 1.000000 0.000000 0.000000 1.000000 1.000000 1.000000 1.000000 1.000000 0.000000 0.000000 0.500000 1.000000 0.000000 0.000000 5
0.000000 0.000000 1.000000 0.000000 0.000000 0.000000 0.000000 0.000000 0.000000 1.000000 0.000000 0.000000 0.000000 0.000000 0.000000 0.000000 7
0.000000 1.000000 1.000000 0.000000 1.000000 0.000000 0.000000 0.000000 1.000000 1.000000 0.000000 0.000000 0.250000 1.000000 0.000000 0.000000 2
1.000000 0.000000 1.000000 0.000000 1.000000 0.000000 0.000000 0.000000 0.000000 1.000000 1.000000 0.000000 0.750000 0.000000 1.000000 0.000000 6
0.000000 1.000000 1.000000 0.000000 0.000000 1.000000 1.000000 0.000000 1.000000 1.000000 0.000000 0.000000 0.250000 1.000000 0.000000 1.000000 2
1.000000 0.000000 0.000000 1.000000 0.000000 0.000000 1.000000 1.000000 1.000000 1.000000 0.000000 0.000000 0.500000 1.000000 0.000000 1.000000 1
1.000000 0.000000 0.000000 1.000000 0.000000 1.000000 1.000000 1.000000 1.000000 1.000000 0.000000 1.000000 0.250000 1.000000 0.000000 1.000000 1
1.000000 0.000000 0.000000 1.000000 0.000000 0.000000 1.000000 1.000000 1.000000 1.000000 0.000000 0.000000 0.500000 1.000000 0.000000 1.000000 1
1.000000 0.000000 0.000000 1.000000 0.000000 0.000000 1.000000 1.000000 1.000000 1.000000 0.000000 0.000000 0.500000 1.000000 0.000000 0.000000 1
1.000000 0.000000 0.000000 1.000000 0.000000 0.000000 1.000000 1.000000 1.000000 1.000000 0.000000 0.000000 0.500000 1.000000 0.000000 1.000000 1
0.000000 0.000000 1.000000 0.000000 0.000000 1.000000 1.000000 1.000000 1.000000 0.000000 0.000000 1.000000 0.000000 1.000000 0.000000 0.000000 4
1.000000 0.000000 0.000000 1.000000 0.000000 0.000000 0.000000 1.000000 1.000000 1.000000 0.000000 0.000000 0.500000 1.000000 0.000000 1.000000 1
0.000000 0.000000 1.000000 0.000000 0.000000 1.000000 1.000000 1.000000 1.000000 0.000000 0.000000 1.000000 0.000000 1.000000 0.000000 0.000000 4
0.000000 1.000000 1.000000 0.000000 1.000000 1.000000 0.000000 0.000000 1.000000 1.000000 0.000000 0.000000 0.250000 1.000000 0.000000 0.000000 2
